,Id,SalePrice
0,1461,108872.50640157881
1,1462,146340.9832152236
2,1463,182335.97340482846
3,1464,185130.89959264072
4,1465,248679.8857913792
5,1466,183272.5120345126
6,1467,167952.62887556746
7,1468,176831.84512331546
8,1469,185592.55536658302
9,1470,125827.21650257637
10,1471,181493.51392825006
11,1472,111475.04285101454
12,1473,110364.76243289174
13,1474,157352.92487148815
14,1475,137232.03214011193
15,1476,368168.7408869395
16,1477,283616.7447180704
17,1478,346148.34409482067
18,1479,296988.1275227864
19,1480,403740.43891779095
20,1481,310405.0072305553
21,1482,256931.5529206788
22,1483,186175.7103495212
23,1484,179474.28722307328
24,1485,189920.88420984818
25,1486,202404.13899942406
26,1487,336305.1722173827
27,1488,253936.3266498433
28,1489,183044.8696417173
29,1490,183148.51111632187
30,1491,202220.69711214973
31,1492,98954.49972279856
32,1493,184657.37862752832
33,1494,322386.44361784984
34,1495,313303.9149483219
35,1496,192884.28348458803
36,1497,191692.0017602492
37,1498,171089.7401869232
38,1499,169289.1167277307
39,1500,161553.95011923913
40,1501,183636.56583088735
41,1502,163830.07435128622
42,1503,239250.52758139418
43,1504,234347.52135326795
44,1505,193790.55510913997
45,1506,194742.45614055893
46,1507,222472.8709554191
47,1508,193857.5734221225
48,1509,166489.72878035935
49,1510,148136.53542477672
50,1511,152423.3020578631
51,1512,173475.66148493404
52,1513,174962.68206754563
53,1514,152472.4820305084
54,1515,210623.4627091313
55,1516,167181.0056015898
56,1517,145635.49718668865
57,1518,163827.09291368286
58,1519,204312.41134428728
59,1520,128177.43038284071
60,1521,132358.83901595828
61,1522,179566.981201162
62,1523,126042.16259092296
63,1524,121150.18386036843
64,1525,117486.93904578884
65,1526,121059.04308077629
66,1527,120094.20404471169
67,1528,127038.81762199271
68,1529,147671.65341418464
69,1530,161646.69927974098
70,1531,125694.63034399351
71,1532,76118.79826568517
72,1533,142956.86169441225
73,1534,120436.09756340465
74,1535,138940.55960679438
75,1536,104366.89839474247
76,1537,92298.10632249842
77,1538,162175.17759564103
78,1539,206696.60767753536
79,1540,132263.16650981194
80,1541,134555.56179550398
81,1542,138821.43834411967
82,1543,168239.26228718174
83,1544,82313.86467103404
84,1545,109454.28412126603
85,1546,134591.6923116279
86,1547,125309.60153378124
87,1548,125926.13851088606
88,1549,118053.82134977618
89,1550,135027.77943877454
90,1551,99008.99423175365
91,1552,145327.32845278885
92,1553,114334.35170171568
93,1554,112591.14363408636
94,1555,178201.17717767996
95,1556,128063.09659856887
96,1557,109699.97835201565
97,1558,112308.96930951989
98,1559,111205.94718891254
99,1560,140490.5754673221
100,1561,153496.52420581217
101,1562,123168.80665178373
102,1563,121932.87969043247
103,1564,156824.4644377818
104,1565,157475.37063406687
105,1566,204305.43747374404
106,1567,100632.98115331748
107,1568,212020.1200317975
108,1569,121890.14411775497
109,1570,120166.3086573086
110,1571,128251.82725805891
111,1572,112519.59441618301
112,1573,197605.59159001082
113,1574,145980.95177650556
114,1575,192384.68464065768
115,1576,218315.6186913106
116,1577,188198.50578323068
117,1578,133915.81288102616
118,1579,151461.45638414889
119,1580,199254.6758285595
120,1581,138662.3590856577
121,1582,128778.39445305312
122,1583,274152.41176963237
123,1584,216578.6510785578
124,1585,143676.39506886856
125,1586,48395.12108632864
126,1587,106341.37869523147
127,1588,119647.59992617735
128,1589,121726.60017753806
129,1590,119783.94936263238
130,1591,93088.8453733006
131,1592,123826.6450174935
132,1593,121785.69284564935
133,1594,142494.31143725978
134,1595,129885.12318482934
135,1596,221444.78827612667
136,1597,225286.6808277064
137,1598,234141.8636642118
138,1599,191358.4808971776
139,1600,201735.4368705699
140,1601,75998.69233176082
141,1602,103117.49446745658
142,1603,89265.46760777649
143,1604,263053.16128617653
144,1605,255813.27738518149
145,1606,160792.72466978084
146,1607,204315.5692674443
147,1608,209197.48800573515
148,1609,188030.3885834023
149,1610,173054.0524568272
150,1611,150983.2270155046
151,1612,179846.79747444627
152,1613,174750.16622939918
153,1614,113662.95299500496
154,1615,97927.64475687742
155,1616,98191.7613147081
156,1617,103872.443123372
157,1618,123019.84439037117
158,1619,134254.30822433994
159,1620,213514.979830862
160,1621,157621.043104347
161,1622,144067.8444891462
162,1623,245746.90874046867
163,1624,194662.56037009653
164,1625,116926.53182038496
165,1626,172768.25327472747
166,1627,185043.4490174273
167,1628,275027.78931631893
168,1629,196346.91541900675
169,1630,317942.51194301
170,1631,262440.6344971128
171,1632,274852.52115686913
172,1633,185438.47721334035
173,1634,184372.83890231093
174,1635,176728.381789798
175,1636,167976.79699614507
176,1637,187519.43897563
177,1638,207773.95013068526
178,1639,182874.05561910474
179,1640,236779.20581460185
180,1641,192568.70430541364
181,1642,203617.22804568245
182,1643,235854.87497962988
183,1644,233690.61025350762
184,1645,173894.56473953195
185,1646,160911.93897830386
186,1647,168795.4387241741
187,1648,144380.11555300612
188,1649,135595.02992971524
189,1650,124058.10477362672
190,1651,132897.33913850886
191,1652,112192.91847364139
192,1653,110923.73835149726
193,1654,160794.20366520344
194,1655,155749.32201201282
195,1656,158113.7817264035
196,1657,161546.96260678908
197,1658,158482.06328386662
198,1659,130223.20210607743
199,1660,150276.65543736785
200,1661,395909.2055720197
201,1662,376551.6995037026
202,1663,362311.3316063079
203,1664,410669.13031334383
204,1665,345598.58271121175
205,1666,296271.92083349195
206,1667,304185.17476260586
207,1668,345546.8668893685
208,1669,332433.1961774811
209,1670,350843.4553642686
210,1671,249229.98958670994
211,1672,388143.8660661831
212,1673,312163.5637310937
213,1674,285165.62534039235
214,1675,211602.17224626138
215,1676,206622.52069159
216,1677,225713.5949487504
217,1678,404519.68777239684
218,1679,318965.14030780504
219,1680,338953.95083787135
220,1681,318150.17497463594
221,1682,291727.97785821336
222,1683,221727.47246602335
223,1684,191320.0474250937
224,1685,180152.82186031615
225,1686,182961.56052028344
226,1687,187512.68936887308
227,1688,200493.5899343436
228,1689,197842.09130534294
229,1690,192135.68588187965
230,1691,184571.43022236385
231,1692,260626.19432534004
232,1693,187699.5642918665
233,1694,179857.35852531376
234,1695,186683.07948399778
235,1696,251527.00754051137
236,1697,187296.10838892387
237,1698,335882.0141021544
238,1699,320723.06295152847
239,1700,259139.75948018924
240,1701,302679.42353866494
241,1702,262267.3560965489
242,1703,259778.42342309374
243,1704,261230.99307914003
244,1705,234146.8736699208
245,1706,354081.457002247
246,1707,193627.405970047
247,1708,191739.3505866087
248,1709,300832.56217076513
249,1710,228324.30972339946
250,1711,248718.66478806635
251,1712,249853.80174625368
252,1713,217784.12785764388
253,1714,198280.09106673067
254,1715,193365.41334581687
255,1716,185047.36576865692
256,1717,179438.64071716825
257,1718,143124.80085283172
258,1719,207091.47389007662
259,1720,250427.72526286537
260,1721,180810.60596309966
261,1722,138725.24214983569
262,1723,164779.5997954625
263,1724,212041.38467861625
264,1725,219060.32474369596
265,1726,184709.62630249705
266,1727,173598.06905122317
267,1728,189869.7053230772
268,1729,164434.07237971504
269,1730,157047.99686509164
270,1731,139686.55678501714
271,1732,132614.95326077065
272,1733,113490.94031403749
273,1734,132658.26330245347
274,1735,123119.83303396328
275,1736,122500.9459811543
276,1737,292891.0340301704
277,1738,244944.9534628214
278,1739,262243.70981065923
279,1740,197082.69941530292
280,1741,170614.2518930637
281,1742,176204.53107567673
282,1743,182063.4800888579
283,1744,266467.24254668236
284,1745,222446.9978639941
285,1746,289065.8903319185
286,1747,205243.56071026198
287,1748,221496.19863294563
288,1749,156372.38567204826
289,1750,141736.49697748607
290,1751,224265.84939871193
291,1752,113924.71502662533
292,1753,163700.07198359596
293,1754,211287.26697363838
294,1755,170552.19758887647
295,1756,129509.28124645472
296,1757,118931.14892123782
297,1758,160989.75768244022
298,1759,174039.40822658548
299,1760,150847.75782476956
300,1761,151277.64873518754
301,1762,179656.5568531405
302,1763,177038.58263496344
303,1764,123429.24708989568
304,1765,175798.24399632777
305,1766,172081.2389116734
306,1767,184659.75203651504
307,1768,127203.3632437679
308,1769,177551.1580981693
309,1770,127228.40597353425
310,1771,128274.21577262713
311,1772,144380.40830410115
312,1773,126086.44261136808
313,1774,192813.3546255308
314,1775,134359.6214097836
315,1776,136794.19762169587
316,1777,103237.3719935485
317,1778,124649.79504343403
318,1779,105377.69377842244
319,1780,172474.6324555824
320,1781,126547.76790005458
321,1782,101341.97667294505
322,1783,142189.45877993965
323,1784,93099.03834497352
324,1785,115977.56876273596
325,1786,170937.09190765332
326,1787,163493.59481371558
327,1788,74371.59259714335
328,1789,107640.182841892
329,1790,69569.16698031768
330,1791,225237.20749742657
331,1792,149750.51484127901
332,1793,151306.39314832844
333,1794,140797.64356272478
334,1795,139810.6768443095
335,1796,133167.9233743617
336,1797,143046.34243361527
337,1798,127142.99674802712
338,1799,101832.45509618544
339,1800,127911.99234393769
340,1801,132301.93949612367
341,1802,152863.71044283203
342,1803,174662.52108274333
343,1804,144195.780264188
344,1805,127869.03013957758
345,1806,123031.54909910593
346,1807,156240.42985070625
347,1808,117178.83402190931
348,1809,104481.8739642646
349,1810,132487.24211167617
350,1811,113008.20114412025
351,1812,98227.41457011506
352,1813,113682.71538146072
353,1814,91637.99496798783
354,1815,52042.406186873384
355,1816,80766.75010820624
356,1817,117190.83609410923
357,1818,139285.64099339812
358,1819,110440.36553730202
359,1820,70201.42029274837
360,1821,124616.489204979
361,1822,146769.78030947864
362,1823,54134.069428523144
363,1824,133188.99421327934
364,1825,142517.56717833361
365,1826,113676.655761686
366,1827,105147.44550687855
367,1828,128179.75727267149
368,1829,152303.1735472674
369,1830,150545.8623540594
370,1831,153739.8075372939
371,1832,127295.01731970816
372,1833,143667.8537652595
373,1834,122452.906424885
374,1835,109710.35674542871
375,1836,130471.35618719622
376,1837,73786.58236150193
377,1838,121038.25146553217
378,1839,97274.44772709812
379,1840,119056.60934792456
380,1841,123646.1156730078
381,1842,99900.29661878971
382,1843,128276.51824886877
383,1844,145737.00028143043
384,1845,155786.2112714447
385,1846,156205.0963548545
386,1847,197861.40495423903
387,1848,57396.12690280394
388,1849,112454.38689904058
389,1850,108202.27651159128
390,1851,137732.4184563336
391,1852,106975.36564468748
392,1853,117764.24960648868
393,1854,172197.54069787817
394,1855,178275.01336829024
395,1856,207593.8138776628
396,1857,140427.39738530118
397,1858,165391.66644485592
398,1859,142727.67640930697
399,1860,149215.17178422722
400,1861,141595.5248438911
401,1862,277371.52705745917
402,1863,274932.1863959852
403,1864,274955.2343031544
404,1865,311511.93703765405
405,1866,317430.2004731088
406,1867,245419.20353293582
407,1868,257764.1578798424
408,1869,189305.62237861703
409,1870,237352.0414854242
410,1871,248289.30032713886
411,1872,178683.7594196999
412,1873,214705.84292758958
413,1874,138955.46894820908
414,1875,204879.01815186674
415,1876,191654.55740322507
416,1877,199200.85108621215
417,1878,202301.58447292738
418,1879,127192.97225896452
419,1880,133917.37782469855
420,1881,219210.78195540304
421,1882,260014.10852738816
422,1883,200843.69690471853
423,1884,208988.9522311171
424,1885,239352.88310410496
425,1886,253587.00601954496
426,1887,195858.75851962535
427,1888,254624.95297737588
428,1889,176357.0927465139
429,1890,111104.20082436591
430,1891,140356.45741029613
431,1892,94120.22050147287
432,1893,118701.91458854923
433,1894,132040.74929592462
434,1895,144722.58623576627
435,1896,115643.72743807264
436,1897,112340.48842656432
437,1898,126937.45585605684
438,1899,171023.83948842468
439,1900,163552.31203274656
440,1901,185992.15994283766
441,1902,175422.74304543223
442,1903,243887.08296560685
443,1904,161006.11328267652
444,1905,203774.8115685193
445,1906,173181.780718556
446,1907,229537.9753315365
447,1908,128011.41266638736
448,1909,136191.1716768442
449,1910,136268.41331168148
450,1911,234153.98508593827
451,1912,261438.36647168428
452,1913,155921.9891568073
453,1914,73878.8980247464
454,1915,264113.9433435997
455,1916,63243.53730415781
456,1917,261396.67658462483
457,1918,135195.41720904715
458,1919,158386.65670707042
459,1920,176957.72559491484
460,1921,333867.2774624879
461,1922,316145.054761788
462,1923,208619.5617642522
463,1924,200687.70269109178
464,1925,216137.04649534076
465,1926,330547.16370008583
466,1927,134912.65466859785
467,1928,170570.25313206582
468,1929,120399.53360241858
469,1930,148104.92718486296
470,1931,136432.9317169141
471,1932,151208.96930623156
472,1933,168355.78584824322
473,1934,183746.67935084578
474,1935,175357.96706076537
475,1936,184624.5065316709
476,1937,192914.5789370717
477,1938,177680.37187504314
478,1939,269474.70754664956
479,1940,248720.37535802776
480,1941,186871.12427126797
481,1942,189923.5753810682
482,1943,251107.27703030675
483,1944,321854.50235741015
484,1945,359350.117244391
485,1946,173147.19286480488
486,1947,332851.37909534643
487,1948,193260.96906608852
488,1949,208257.14662202643
489,1950,176986.2110175336
490,1951,223541.84805599984
491,1952,204187.2775312789
492,1953,165951.70025906345
493,1954,207614.4114534238
494,1955,151718.974167776
495,1956,272407.82699750713
496,1957,170435.1544836237
497,1958,281427.8127554888
498,1959,169361.4571190419
499,1960,118013.22204537976
500,1961,127855.4902354982
501,1962,110522.2205613572
502,1963,118278.11919108203
503,1964,121039.74999663077
504,1965,164628.50108815936
505,1966,156594.7637516732
506,1967,284709.09758170554
507,1968,333342.99901159666
508,1969,360557.7313035366
509,1970,387117.5601103158
510,1971,414059.0525344715
511,1972,366102.96993320796
512,1973,292904.2212834865
513,1974,305858.32127574016
514,1975,398242.8638782522
515,1976,284636.7330135748
516,1977,336043.63304263767
517,1978,331733.5989054283
518,1979,354074.81184219645
519,1980,205536.18446917483
520,1981,351728.0346722058
521,1982,254368.68493266922
522,1983,254599.12602401874
523,1984,221840.72004855
524,1985,208426.5708716791
525,1986,205866.70583111033
526,1987,185384.32361690133
527,1988,181632.0796415257
528,1989,200736.96896579227
529,1990,214228.5919333877
530,1991,223841.1082203564
531,1992,216356.57180793505
532,1993,186356.2777353806
533,1994,228577.11944858296
534,1995,197537.94649750768
535,1996,311186.7224076799
536,1997,370172.2548893001
537,1998,318217.89762569393
538,1999,260136.99444893526
539,2000,327940.88522970176
540,2001,277173.47070392594
541,2002,222588.08645653818
542,2003,264340.11211162835
543,2004,259622.24961668384
544,2005,233212.92561285853
545,2006,222763.72503444346
546,2007,254323.0172062348
547,2008,183678.3238351483
548,2009,188831.2961562899
549,2010,202287.23434798222
550,2011,149275.9573780178
551,2012,184314.47056765194
552,2013,181536.24327080228
553,2014,186111.60690906568
554,2015,205453.22974327242
555,2016,186233.75270126472
556,2017,197487.28677762215
557,2018,119807.91127492274
558,2019,119587.25660911255
559,2020,123647.7414230516
560,2021,111963.12312118581
561,2022,198620.7029541418
562,2023,164907.00257318316
563,2024,273944.17705368256
564,2025,386327.7589832686
565,2026,179582.75620006467
566,2027,158033.05534676474
567,2028,179561.6419817144
568,2029,173455.74487469034
569,2030,288345.8251244089
570,2031,268506.4725209835
571,2032,271924.06599062245
572,2033,283435.1060446318
573,2034,178801.6089984028
574,2035,206211.7890404903
575,2036,225312.92661989125
576,2037,226030.8844707596
577,2038,326315.2546528706
578,2039,244287.5450272261
579,2040,386361.37850132224
580,2041,262529.30269727774
581,2042,199978.7486438917
582,2043,173919.04446092408
583,2044,179352.3444628104
584,2045,197752.23933248053
585,2046,175595.72669438564
586,2047,157108.37002121404
587,2048,136432.0942682322
588,2049,174981.51831635722
589,2050,181408.45680715228
590,2051,94279.14937404066
591,2052,138511.23066837311
592,2053,134831.85680910625
593,2054,96850.47846575706
594,2055,162190.09571665095
595,2056,140813.4492496164
596,2057,126252.2610503996
597,2058,197787.01076168858
598,2059,129016.93713529475
599,2060,144550.11217035382
600,2061,178399.02253850893
601,2062,131563.0376110412
602,2063,120075.65686074679
603,2064,138774.98602051596
604,2065,129041.39377993316
605,2066,186476.7492422567
606,2067,142709.0617147758
607,2068,177290.5483955782
608,2069,78774.35894090057
609,2070,106438.1342915265
610,2071,94472.77389351714
611,2072,168183.02771118423
612,2073,138169.69667804427
613,2074,175349.85444858752
614,2075,135475.90765514868
615,2076,117262.38123614443
616,2077,138904.07519195438
617,2078,121009.40943036177
618,2079,152713.77170739626
619,2080,120555.41249614544
620,2081,131205.20634073607
621,2082,150628.1993808025
622,2083,159707.1573793895
623,2084,107307.27854137006
624,2085,132974.58396357385
625,2086,146220.25119273012
626,2087,136300.6009363925
627,2088,98809.98463709201
628,2089,78413.44666501919
629,2090,118617.30462114299
630,2091,108211.31829773646
631,2092,146591.59151860315
632,2093,129536.8213509688
633,2094,98974.43864880633
634,2095,138892.76155254972
635,2096,84278.6840932338
636,2097,72516.61339806479
637,2098,154173.21521467867
638,2099,68930.92962918998
639,2100,121600.7713873856
640,2101,121037.01702881238
641,2102,131803.17069950193
642,2103,91935.79627241252
643,2104,167266.83721454325
644,2105,98499.7887487915
645,2106,101097.02038669103
646,2107,187153.8714250584
647,2108,117227.14809518894
648,2109,109413.84209109904
649,2110,115442.4397028228
650,2111,160318.4615639423
651,2112,143304.71242738506
652,2113,116852.5490628715
653,2114,110370.31675923149
654,2115,143154.718657128
655,2116,114588.02871071082
656,2117,135312.4215619638
657,2118,130442.91304234584
658,2119,111349.26648715755
659,2120,100106.89550446141
660,2121,73359.9906021768
661,2122,104881.7029340918
662,2123,78431.41655002796
663,2124,178293.11154863104
664,2125,146668.7320403529
665,2126,161985.9058818369
666,2127,147319.95240625556
667,2128,122976.29152523476
668,2129,104400.52656917382
669,2130,132464.62236008924
670,2131,162864.03764461091
671,2132,127668.66735791293
672,2133,123791.01362128698
673,2134,111415.9513822729
674,2135,90013.29074119139
675,2136,94929.88224909453
676,2137,125145.23077923607
677,2138,138019.6555869389
678,2139,151655.25065602383
679,2140,130188.67760443408
680,2141,152997.28276276615
681,2142,138072.41600046057
682,2143,146329.09709492224
683,2144,126919.69393215547
684,2145,125925.03177502207
685,2146,148738.26247695228
686,2147,191772.76328193647
687,2148,156316.27081595716
688,2149,150626.1602500102
689,2150,202338.3038417963
690,2151,115238.33662801646
691,2152,126468.05861666627
692,2153,130503.66630336737
693,2154,91939.37531695343
694,2155,120922.79716357679
695,2156,215011.9885524549
696,2157,206696.24117918126
697,2158,227808.50297275098
698,2159,218038.3342622734
699,2160,187280.55856589144
700,2161,255032.76292959982
701,2162,348106.04031275323
702,2163,320268.1999593091
703,2164,252827.04430102184
704,2165,193542.9431211911
705,2166,151178.27844066784
706,2167,195748.45288734027
707,2168,193993.36320467945
708,2169,198653.73104489423
709,2170,207720.4551354203
710,2171,159030.11309543432
711,2172,143746.450792668
712,2173,171904.86207347078
713,2174,226590.7376727232
714,2175,316529.0241174139
715,2176,270813.13845074415
716,2177,234723.47644759773
717,2178,239356.08255377947
718,2179,144432.9985423539
719,2180,208321.09259109592
720,2181,198594.43227699454
721,2182,220666.6103362565
722,2183,194721.92623085572
723,2184,112921.72494800623
724,2185,136954.83568654896
725,2186,135045.02763907413
726,2187,136431.30789211238
727,2188,140181.8423969741
728,2189,266249.8070942148
729,2190,72343.44224350492
730,2191,73530.6107779303
731,2192,76076.04095251797
732,2193,92004.33659155332
733,2194,75612.4424521142
734,2195,97990.99867956256
735,2196,117159.43716010811
736,2197,97751.13005403297
737,2198,155397.63492015266
738,2199,171513.9787746049
739,2200,159538.9169483076
740,2201,169549.7576925784
741,2202,211026.46384168093
742,2203,177480.8972383046
743,2204,193949.47617120494
744,2205,156986.0491703645
745,2206,157946.08116588005
746,2207,239784.6403754024
747,2208,236661.1814534394
748,2209,227626.19338232785
749,2210,128102.35846224416
750,2211,98350.91651910068
751,2212,111167.31853714267
752,2213,99470.97208347992
753,2214,145308.47213151673
754,2215,94052.95119137791
755,2216,160699.65098509818
756,2217,98452.47092828753
757,2218,77208.78078221732
758,2219,61107.96231214347
759,2220,84797.15446752992
760,2221,264252.2079984094
761,2222,229997.08507461933
762,2223,261127.711827105
763,2224,216922.94800809468
764,2225,150167.47338989563
765,2226,185237.92294392522
766,2227,195361.88490458578
767,2228,253241.0051077422
768,2229,241764.125728349
769,2230,172607.50805825912
770,2231,213515.92866506032
771,2232,187163.35078794227
772,2233,177810.09101342584
773,2234,234151.45437605816
774,2235,195385.89256239444
775,2236,248098.71599062916
776,2237,279444.02369543817
777,2238,209408.9632416583
778,2239,136313.41123941317
779,2240,161662.9049062929
780,2241,164127.4194454252
781,2242,132607.18333095126
782,2243,130795.19129349575
783,2244,107186.12735241007
784,2245,99692.53039224657
785,2246,143992.18369337672
786,2247,109007.81257670776
787,2248,124071.98918628728
788,2249,125264.92150108407
789,2250,136812.23203948274
790,2251,163887.9742425428
791,2252,178218.24469169136
792,2253,173150.3714041124
793,2254,187486.50080240337
794,2255,189029.30431001674
795,2256,189611.765863084
796,2257,213440.19267086472
797,2258,181544.66600422707
798,2259,182982.79373292677
799,2260,152631.78675178718
800,2261,241912.91406223038
801,2262,247783.13911384274
802,2263,322862.7941643266
803,2264,410842.1346904159
804,2265,189764.82910112038
805,2266,327830.23790388484
806,2267,316698.2369837712
807,2268,380840.5795255273
808,2269,164640.83045850706
809,2270,187833.22179509772
810,2271,194989.4483548093
811,2272,204765.67503757554
812,2273,160299.3568194813
813,2274,175647.8878628458
814,2275,160000.29440652847
815,2276,176097.84574301596
816,2277,179888.04461769873
817,2278,157219.91178925958
818,2279,125677.97155713147
819,2280,124745.58159278799
820,2281,169113.22638643984
821,2282,176357.1762180348
822,2283,117893.67323289927
823,2284,128266.44676013952
824,2285,144613.91553246402
825,2286,120519.97947776393
826,2287,350403.399883935
827,2288,289531.4136237254
828,2289,309865.1552909686
829,2290,387175.5533312354
830,2291,316943.64305766387
831,2292,378082.11018598895
832,2293,390193.22785426927
833,2294,387480.184169466
834,2295,403907.9450132074
835,2296,294632.7268850949
836,2297,294689.8814164734
837,2298,352474.0567172121
838,2299,342790.2896977381
839,2300,311670.55610723165
840,2301,285459.2862653035
841,2302,250471.7019427252
842,2303,276216.7912594095
843,2304,286695.33359895786
844,2305,203300.483667294
845,2306,203301.72950011396
846,2307,211608.0314335511
847,2308,263401.1681819852
848,2309,323445.92658553494
849,2310,253447.98535410967
850,2311,222408.8062893069
851,2312,188012.21874171135
852,2313,182511.44368984512
853,2314,192858.06902513542
854,2315,180591.8138753962
855,2316,202861.63989514316
856,2317,182367.34108085238
857,2318,181330.7692452402
858,2319,190219.5996627208
859,2320,188251.24997117394
860,2321,247181.70308196277
861,2322,186361.23493036427
862,2323,190350.24853097013
863,2324,188540.50144533685
864,2325,204118.96525716115
865,2326,189629.2606283323
866,2327,209770.44341876937
867,2328,212377.76297993294
868,2329,188885.19348412252
869,2330,187043.08180295504
870,2331,337429.0059515055
871,2332,408722.9323092615
872,2333,328120.6361995392
873,2334,286394.47251188743
874,2335,298633.73285623186
875,2336,329625.89790376823
876,2337,195920.2936139728
877,2338,252999.83748376206
878,2339,240213.67034874175
879,2340,349854.0320061434
880,2341,206433.8099430872
881,2342,237807.67952341595
882,2343,202824.20026271162
883,2344,227280.28119736182
884,2345,257522.63285813364
885,2346,221024.62583049762
886,2347,187818.67644026887
887,2348,233965.2810983747
888,2349,176810.11382064022
889,2350,253141.03441001917
890,2351,234728.76960877213
891,2352,256610.8210093042
892,2353,234325.35810473404
893,2354,140875.9778334333
894,2355,155086.60085568432
895,2356,162861.96948994236
896,2357,201905.77259387996
897,2358,197050.4058185299
898,2359,145282.6117195339
899,2360,118476.03304642481
900,2361,135682.55267786616
901,2362,266415.4964190857
902,2363,136977.83177184942
903,2364,147677.9147722076
904,2365,219891.54773385485
905,2366,208810.823861397
906,2367,230218.6276786761
907,2368,185328.21492682028
908,2369,234424.79483197202
909,2370,173003.11598666533
910,2371,174803.04897109885
911,2372,185988.66766696275
912,2373,244865.48443004396
913,2374,257478.10407038569
914,2375,255976.4308223616
915,2376,268292.6170636448
916,2377,305712.5746440175
917,2378,157439.13275985976
918,2379,209348.37432564137
919,2380,152442.72891708527
920,2381,159253.82324346574
921,2382,189267.56385018796
922,2383,202855.37821591453
923,2384,217724.43445068106
924,2385,155530.15144099324
925,2386,132350.089651059
926,2387,126927.24243435924
927,2388,133519.37282781175
928,2389,140954.5149978341
929,2390,145573.50049521838
930,2391,138261.9143987619
931,2392,113912.17008049652
932,2393,173582.63288813407
933,2394,144923.56307888753
934,2395,195828.42194109573
935,2396,150197.53886173406
936,2397,187295.56079086417
937,2398,121851.90753741276
938,2399,70692.64482765288
939,2400,70819.1171763021
940,2401,114575.51717642663
941,2402,135070.9742883574
942,2403,177642.83144473474
943,2404,160049.1993504196
944,2405,155010.1034129751
945,2406,120653.33894557484
946,2407,125606.11690054383
947,2408,142339.28019994282
948,2409,127756.31088450384
949,2410,184229.215216749
950,2411,114946.53487785827
951,2412,141305.4219462745
952,2413,129441.16896649814
953,2414,133748.2414661182
954,2415,164454.4969299288
955,2416,133063.80645322788
956,2417,124027.63964196989
957,2418,113974.85981203178
958,2419,142614.74564102927
959,2420,113528.71370332142
960,2421,154591.1118249878
961,2422,113992.71354127197
962,2423,106677.13603604006
963,2424,158123.44953281234
964,2425,240911.9160310758
965,2426,132851.92649496032
966,2427,107676.936168396
967,2428,172242.78659036005
968,2429,122397.45290650602
969,2430,133934.52729356207
970,2431,126968.92755734868
971,2432,127544.22204425061
972,2433,126461.40709616296
973,2434,138486.49043928698
974,2435,138194.02561305976
975,2436,97738.65259300746
976,2437,119058.01482996161
977,2438,115582.34521260454
978,2439,105507.29499637765
979,2440,123129.09227743339
980,2441,89655.72461550927
981,2442,96360.02734630075
982,2443,126872.2969570027
983,2444,109970.11989576924
984,2445,88530.47382381704
985,2446,139820.60063926887
986,2447,194193.04487089204
987,2448,127586.64553657305
988,2449,112367.37245986382
989,2450,136346.6717973461
990,2451,112527.889178075
991,2452,175991.13880416696
992,2453,85310.65725058164
993,2454,108286.2071582498
994,2455,107755.7322601834
995,2456,121131.49406278713
996,2457,120527.69365809349
997,2458,120679.93485247268
998,2459,104494.92746414931
999,2460,142623.2986710518
1000,2461,122119.52049822913
1001,2462,124334.90072473048
1002,2463,128024.9665173256
1003,2464,159459.9078128199
1004,2465,142965.02026709612
1005,2466,128256.13688433924
1006,2467,143159.6783433396
1007,2468,93985.53340514742
1008,2469,93678.89872167786
1009,2470,196268.0975591853
1010,2471,169604.94672040278
1011,2472,168499.3509460098
1012,2473,124992.18543097636
1013,2474,110070.02954164005
1014,2475,196786.5604876415
1015,2476,119452.39955031945
1016,2477,121905.0874590255
1017,2478,165265.93076563266
1018,2479,133593.42563281057
1019,2480,140855.01857907456
1020,2481,130999.11020180155
1021,2482,135810.8523691649
1022,2483,118459.02968336528
1023,2484,135210.0027896915
1024,2485,123880.12577412704
1025,2486,147714.42277893622
1026,2487,203098.59822509869
1027,2488,145590.8449250787
1028,2489,151953.86830750422
1029,2490,134660.5359105306
1030,2491,98784.98376385806
1031,2492,194564.95340803717
1032,2493,145568.90911900072
1033,2494,158914.84890509892
1034,2495,115274.92162603908
1035,2496,235613.98228204125
1036,2497,141913.55493787705
1037,2498,109616.6293355424
1038,2499,76590.56292973351
1039,2500,124231.74701517547
1040,2501,123439.89445418639
1041,2502,123588.14117804641
1042,2503,103694.99838668888
1043,2504,198711.22375094346
1044,2505,209739.06362652054
1045,2506,257946.46013462596
1046,2507,280437.7553554823
1047,2508,259156.86587672099
1048,2509,219918.8999509833
1049,2510,235371.4893972891
1050,2511,187863.74710104679
1051,2512,205498.48304394004
1052,2513,207690.21539757788
1053,2514,247818.14131523564
1054,2515,160574.8103882592
1055,2516,169611.51006350454
1056,2517,143104.7781327952
1057,2518,154361.8804125442
1058,2519,213604.3049841128
1059,2520,211230.95152435958
1060,2521,200200.08123300318
1061,2522,208138.80377971567
1062,2523,133659.95164209293
1063,2524,142770.91848565324
1064,2525,141705.3975862253
1065,2526,140449.2832143649
1066,2527,125977.66870923215
1067,2528,131375.95933665513
1068,2529,135248.31269641136
1069,2530,132697.67715431488
1070,2531,209243.93088672622
1071,2532,211159.5650529098
1072,2533,203329.4699277521
1073,2534,242201.8448955131
1074,2535,275087.9635561226
1075,2536,200313.02215016168
1076,2537,232930.6405470149
1077,2538,191764.58115876786
1078,2539,184722.94233215184
1079,2540,179960.73419822936
1080,2541,191565.8959618843
1081,2542,176701.06045631817
1082,2543,114425.97380892653
1083,2544,120039.67312791129
1084,2545,122541.90768778024
1085,2546,141617.34477181057
1086,2547,129697.79997056944
1087,2548,153576.7102206173
1088,2549,155435.96931712356
1089,2550,517896.8434764213
1090,2551,140310.3691920262
1091,2552,108782.00921239243
1092,2553,74360.2025048229
1093,2554,100455.41466370638
1094,2555,89120.21191715529
1095,2556,88257.85049924304
1096,2557,105395.41815888936
1097,2558,164081.11620392345
1098,2559,158384.99864903896
1099,2560,159036.76907271933
1100,2561,152778.39520597982
1101,2562,155900.16559484825
1102,2563,157064.35788358806
1103,2564,203586.36062291864
1104,2565,153845.96696392103
1105,2566,178238.30825457233
1106,2567,175274.03752153157
1107,2568,212296.11253737233
1108,2569,213782.42034070572
1109,2570,135965.01982329442
1110,2571,226676.80944517298
1111,2572,190283.44341365114
1112,2573,244470.07857244762
1113,2574,326293.9480351113
1114,2575,132321.7100626408
1115,2576,117182.43512260384
1116,2577,126643.47798255071
1117,2578,91211.93646062627
1118,2579,73272.17302256935
1119,2580,116729.02068074755
1120,2581,128239.58963998544
1121,2582,105437.01301046649
1122,2583,267098.18119368126
1123,2584,164354.6615786134
1124,2585,191254.0412363193
1125,2586,195604.38991700512
1126,2587,188444.8148894378
1127,2588,139326.55066070482
1128,2589,143919.91189128556
1129,2590,195840.3998784096
1130,2591,232616.82217608497
1131,2592,210907.91207654693
1132,2593,237388.37241126562
1133,2594,181074.680367601
1134,2595,222710.57801990228
1135,2596,278021.1495861989
1136,2597,187150.49804913282
1137,2598,240788.70998553565
1138,2599,335932.6607667908
1139,2600,202123.86837541166
1140,2601,144872.94264502876
1141,2602,103631.99738912047
1142,2603,98781.07313082422
1143,2604,100117.14848192017
1144,2605,112566.32892581754
1145,2606,140011.2454368276
1146,2607,168923.77739421153
1147,2608,188554.20148933041
1148,2609,159108.69134208612
1149,2610,99401.57097779767
1150,2611,159524.9072586755
1151,2612,152831.2694840425
1152,2613,120564.51349108096
1153,2614,123269.32101234363
1154,2615,161955.53339293352
1155,2616,129263.39427998968
1156,2617,189403.9259508091
1157,2618,193381.80123621097
1158,2619,212454.474071639
1159,2620,179026.6542814904
1160,2621,191151.20771166062
1161,2622,189680.38643914225
1162,2623,256741.80624201332
1163,2624,249863.10529361726
1164,2625,319436.5827147957
1165,2626,168741.13719523666
1166,2627,234927.380958424
1167,2628,396815.55815315683
1168,2629,438129.4044418675
1169,2630,371236.24069182796
1170,2631,411600.1991937689
1171,2632,395782.11982583895
1172,2633,332955.31479246425
1173,2634,368852.7280386593
1174,2635,152738.27437961788
1175,2636,193305.94562134513
1176,2637,163413.03215331736
1177,2638,223028.28335074318
1178,2639,187234.3601759624
1179,2640,152671.20533673925
1180,2641,125029.45480922301
1181,2642,180994.4347450543
1182,2643,129855.89285568938
1183,2644,141087.77718134422
1184,2645,119626.44781738581
1185,2646,110286.64935446216
1186,2647,123739.9494257881
1187,2648,152810.5838431835
1188,2649,140915.3526828709
1189,2650,143881.08991599767
1190,2651,164907.0826825856
1191,2652,381291.7390475867
1192,2653,286821.807347275
1193,2654,258111.41906470686
1194,2655,356884.9941431551
1195,2656,360680.7168051745
1196,2657,345594.79971885955
1197,2658,291279.83763384406
1198,2659,306115.8695280379
1199,2660,312390.6445602323
1200,2661,350770.9318212609
1201,2662,353276.09616404865
1202,2663,293695.46974386787
1203,2664,319741.35676866205
1204,2665,342421.2188643321
1205,2666,328941.7136394745
1206,2667,178878.43815677348
1207,2668,192791.60396822263
1208,2669,182379.937368218
1209,2670,279915.15261472395
1210,2671,192618.51236375642
1211,2672,190603.87379199054
1212,2673,196893.92797864092
1213,2674,191597.51280808996
1214,2675,178841.67661487416
1215,2676,197429.47932687748
1216,2677,197044.44037610185
1217,2678,245957.87211053504
1218,2679,302220.2330391121
1219,2680,314918.272942858
1220,2681,403507.8396203357
1221,2682,336110.80970159604
1222,2683,436829.1380901338
1223,2684,327272.53571568686
1224,2685,342527.91832227993
1225,2686,253168.37913313688
1226,2687,259960.90362022648
1227,2688,236714.84970928967
1228,2689,217596.68942398563
1229,2690,351077.4317317341
1230,2691,184546.26268241822
1231,2692,143362.46165903198
1232,2693,198780.6994555578
1233,2694,145573.5795327034
1234,2695,202349.04030050116
1235,2696,197225.0170667002
1236,2697,192915.19352782652
1237,2698,190891.09117642898
1238,2699,176973.96750594157
1239,2700,168074.75955507273
1240,2701,168271.88817918306
1241,2702,139726.5026174176
1242,2703,142899.8929833714
1243,2704,151184.5140074427
1244,2705,121207.33660757329
1245,2706,118398.44133207895
1246,2707,136539.5628361696
1247,2708,125585.53470999676
1248,2709,104136.11423864124
1249,2710,119402.46962019592
1250,2711,271746.39370115113
1251,2712,344334.10935589805
1252,2713,171587.2887093152
1253,2714,169642.59807134804
1254,2715,176818.33079471646
1255,2716,165103.31549328132
1256,2717,181209.7257941724
1257,2718,230278.0187157251
1258,2719,160315.6595801413
1259,2720,182344.74293461174
1260,2721,144872.60645680706
1261,2722,174341.37028527353
1262,2723,141587.5507640016
1263,2724,124071.99043974852
1264,2725,125320.45317559455
1265,2726,138503.08427040966
1266,2727,165327.63757196075
1267,2728,173730.09796066626
1268,2729,154916.60031178704
1269,2730,141611.9199404512
1270,2731,113387.09420606517
1271,2732,124775.78433404051
1272,2733,154641.1982765186
1273,2734,158723.30518148356
1274,2735,136642.4157516628
1275,2736,152289.92016717143
1276,2737,114659.32525250838
1277,2738,166991.4124470049
1278,2739,154255.84002601833
1279,2740,143694.10775098178
1280,2741,140155.66102014342
1281,2742,169320.97238794077
1282,2743,148038.19075120118
1283,2744,138035.83093243142
1284,2745,134277.53084171424
1285,2746,126682.6109261481
1286,2747,170304.54164617945
1287,2748,144189.90934123198
1288,2749,126888.51268519985
1289,2750,130726.66052524919
1290,2751,121631.80450453282
1291,2752,222863.15540521557
1292,2753,159903.08564131652
1293,2754,208512.32094660035
1294,2755,150269.1581002106
1295,2756,90328.07687111567
1296,2757,98333.91277108056
1297,2758,76647.05768160426
1298,2759,147717.89835989018
1299,2760,134957.02718982744
1300,2761,138802.35254553292
1301,2762,145890.04430716124
1302,2763,181944.24330183913
1303,2764,160769.25818981038
1304,2765,228908.79003788883
1305,2766,141685.3471327854
1306,2767,99035.70739554585
1307,2768,137788.04436593835
1308,2769,126319.00232922733
1309,2770,158672.6876260617
1310,2771,119307.18139395282
1311,2772,108057.02315988182
1312,2773,146125.2437239954
1313,2774,144252.31598910526
1314,2775,116904.3789200488
1315,2776,128548.56071254182
1316,2777,138018.5899415507
1317,2778,106957.18052446815
1318,2779,143884.91003606562
1319,2780,109598.31752824687
1320,2781,86149.96742226461
1321,2782,101267.37152391115
1322,2783,98192.23882921002
1323,2784,115307.27927550868
1324,2785,135499.81427090307
1325,2786,55387.50473884279
1326,2787,111481.5025150018
1327,2788,82593.2610394212
1328,2789,175018.20667438288
1329,2790,95450.61907026387
1330,2791,125978.16380405842
1331,2792,72893.03143185958
1332,2793,148200.13369931217
1333,2794,101617.54656217762
1334,2795,117080.65980494511
1335,2796,104905.88766765891
1336,2797,190450.83801866497
1337,2798,132098.3506245437
1338,2799,104156.85274572363
1339,2800,81380.3016814803
1340,2801,103235.99952448178
1341,2802,136503.89090140112
1342,2803,189556.06448483482
1343,2804,144236.71906502754
1344,2805,73414.8212949587
1345,2806,110185.23983559049
1346,2807,164115.97360865443
1347,2808,143016.27513928633
1348,2809,124569.79549826588
1349,2810,131916.81586905522
1350,2811,163723.79762002698
1351,2812,147533.7597787811
1352,2813,190589.10929375424
1353,2814,189368.208303588
1354,2815,106052.49515353472
1355,2816,212254.71080215785
1356,2817,152023.97246188665
1357,2818,136098.91287786106
1358,2819,177943.57862086475
1359,2820,137902.87196707953
1360,2821,108425.7186044848
1361,2822,184461.30371295038
1362,2823,248705.39725487592
1363,2824,160068.86421843633
1364,2825,127365.41106006772
1365,2826,116763.2153378088
1366,2827,133925.17151086047
1367,2828,228012.93794801272
1368,2829,205833.22345167646
1369,2830,231890.0616984465
1370,2831,185397.6690862778
1371,2832,209495.4895724561
1372,2833,254400.78883034218
1373,2834,208402.28075676234
1374,2835,208364.35532059302
1375,2836,203194.73457387966
1376,2837,180977.04982246493
1377,2838,159556.47356640364
1378,2839,180470.42641887898
1379,2840,194730.28026912888
1380,2841,201780.45276925247
1381,2842,206648.40979892263
1382,2843,143901.29015450817
1383,2844,175671.1093208441
1384,2845,123021.14278908276
1385,2846,206328.25708913105
1386,2847,196076.27036216506
1387,2848,224255.2700269646
1388,2849,208496.79366256416
1389,2850,271872.8011932002
1390,2851,227067.1842597134
1391,2852,227490.21101879945
1392,2853,211863.569469834
1393,2854,143676.39506886856
1394,2855,194260.60159966256
1395,2856,203329.10619403742
1396,2857,196537.55444179592
1397,2858,192192.7076630316
1398,2859,120725.43705563236
1399,2860,111205.0802288342
1400,2861,122224.49312936596
1401,2862,187988.43122074558
1402,2863,116283.92831460106
1403,2864,216295.68125750002
1404,2865,140379.50151943107
1405,2866,177393.86593370073
1406,2867,93455.10527262463
1407,2868,116695.00727934082
1408,2869,116940.67418084922
1409,2870,152378.68110962686
1410,2871,92112.29265977822
1411,2872,62213.92355538052
1412,2873,97438.1767043467
1413,2874,133883.14146051172
1414,2875,122212.9560144457
1415,2876,147028.21605904156
1416,2877,132922.29557687422
1417,2878,176418.62052167335
1418,2879,133396.80278414144
1419,2880,116566.78682293717
1420,2881,177724.71043471075
1421,2882,174931.11896581843
1422,2883,209614.06068496092
1423,2884,215715.5278972627
1424,2885,201218.09955999046
1425,2886,220266.1992893143
1426,2887,101569.02012204652
1427,2888,131691.79091941877
1428,2889,61549.28051780064
1429,2890,82315.97201206087
1430,2891,153210.6849282166
1431,2892,48134.78895612623
1432,2893,114015.88944145486
1433,2894,62285.264631791666
1434,2895,274677.31475392013
1435,2896,263072.4716948858
1436,2897,188149.4885119078
1437,2898,179768.20184110888
1438,2899,231817.29759048735
1439,2900,160109.22678556535
1440,2901,196065.12326513988
1441,2902,181946.0304451671
1442,2903,274555.29424428655
1443,2904,322518.5375498519
1444,2905,134809.42550865398
1445,2906,208888.58007583162
1446,2907,118477.54901038774
1447,2908,124500.18197689843
1448,2909,185591.8871968914
1449,2910,73299.73242438263
1450,2911,103619.53906092091
1451,2912,146116.43678126903
1452,2913,102932.18634238298
1453,2914,90700.65602018451
1454,2915,98214.18630546732
1455,2916,103157.05916638505
1456,2917,157328.38057956033
1457,2918,118155.36415375395
1458,2919,224171.16084212373
